       -127        -127
         39         -43
         18         -22
         12         -16
          8         -12
          6         -10
          5          -9
          4          -8
          3          -7
          2          -6
          2          -6
          1          -5
          1          -5
          1          -5
          1          -5
          0          -4
          0          -4
          0          -4
          0          -4
          0          -4
          0          -3
          0          -3
         -1          -3
         -1          -3
         -1          -3
         -1          -3
         -1          -3
         -1          -3
         -1          -3
         -1          -2
         -1          -2
         -1          -2
         -1          -2
         -1          -2
         -1          -2
         -1          -2
         -1          -2
         -1          -2
         -1          -2
         -1          -2
         -1          -2
         -1          -2
         -2          -2
         -2          -1
         -2          -1
         -2          -1
         -2          -1
         -2          -1
         -2          -1
         -2          -1
         -2          -1
         -2          -1
         -2          -1
         -2          -1
         -2          -1
         -2          -1
         -2          -1
         -2          -1
         -2          -1
         -2          -1
         -2          -1
         -2          -1
         -2          -1
         -2          -1
         -2           0
         -1           0
         -1           0
         -1           0
         -1           0
         -1           0
         -1           0
         -1           0
         -1           0
         -1           0
         -1           0
         -1           0
         -1           0
         -1           0
         -1           0
         -1           0
         -1           0
         -1           0
         -1           0
         -1           0
         -1           0
         -1           0
         -1           0
         -1           0
         -1           0
         -1           0
         -1           0
         -1           0
         -1           0
         -1           0
         -1           0
         -1           0
         -1           0
         -1           0
         -1           0
         -1           0
         -1           0
         -1           0
         -1           0
         -1           0
         -1           0
         -1           0
         -1           0
          0           0
          0           0
          0           0
          0           0
          0           0
          0           0
          0           0
          0           0
          0           0
          0           0
          0           0
          0           0
          0           0
          0           0
          0           0
          0           0
          0           0
          0           0
          0           0
          0           0
          0           0
          0           0
          0           0
          0           0
          0           0
          0           0
          0           0
          0           0
          0           0
          0           0
          0           0
          0           0
          0           0
          0           0
          0           0
          0           0
          0           0
          0           0
          0           0
          0           0
          0           0
          0           0
          0           0
          0          -1
          0          -1
          0          -1
          0          -1
          0          -1
          0          -1
          0          -1
          0          -1
          0          -1
          0          -1
          0          -1
          0          -1
          0          -1
          0          -1
          0          -1
          0          -1
          0          -1
          0          -1
          0          -1
          0          -1
          0          -1
          0          -1
          0          -1
          0          -1
          0          -1
          0          -1
          0          -1
          0          -1
          0          -1
          0          -1
          0          -1
          0          -1
          0          -1
          0          -1
          0          -1
          0          -1
          0          -1
          0          -1
          0          -1
          0          -1
          0          -1
          0          -2
          0          -2
         -1          -2
         -1          -2
         -1          -2
         -1          -2
         -1          -2
         -1          -2
         -1          -2
         -1          -2
         -1          -2
         -1          -2
         -1          -2
         -1          -2
         -1          -2
         -1          -2
         -1          -2
         -1          -2
         -1          -2
         -1          -2
         -1          -2
         -1          -2
         -1          -2
         -2          -2
         -2          -1
         -2          -1
         -2          -1
         -2          -1
         -2          -1
         -2          -1
         -2          -1
         -2          -1
         -2          -1
         -2          -1
         -2          -1
         -2          -1
         -2          -1
         -3          -1
         -3          -1
         -3          -1
         -3          -1
         -3          -1
         -3          -1
         -3          -1
         -3           0
         -3           0
         -4           0
         -4           0
         -4           0
         -4           0
         -4           0
         -5           1
         -5           1
         -5           1
         -5           1
         -6           2
         -6           2
         -7           3
         -8           4
         -9           5
        -10           6
        -12           8
        -16          12
        -22          18
        -43          39
