32896.000, -32896.000
-10557.855, -10301.855
-5342.142, -5086.142
-3603.222, -3347.222
-2733.500, -2477.500
-2211.457, -1955.457
-1863.254, -1607.254
-1614.387, -1358.387
-1427.606, -1171.606
-1282.215, -1026.215
-1165.797, -909.797
-1070.450, -814.450
-990.906, -734.906
-923.518, -667.518
-865.682, -609.682
-815.487, -559.487
-771.499, -515.499
-732.625, -476.625
-698.010, -442.010
-666.983, -410.983
-639.005, -383.005
-613.640, -357.640
-590.533, -334.533
-569.387, -313.387
-549.959, -293.959
-532.042, -276.042
-515.462, -259.462
-500.069, -244.069
-485.736, -229.736
-472.354, -216.354
-459.828, -203.828
-448.073, -192.073
-437.019, -181.019
-426.601, -170.601
-416.763, -160.763
-407.455, -151.455
-398.633, -142.633
-390.257, -134.257
-382.292, -126.292
-374.706, -118.706
-367.471, -111.471
-360.561, -104.561
-353.952, -97.952
-347.623, -91.623
-341.555, -85.555
-335.731, -79.731
-330.134, -74.134
-324.750, -68.750
-319.566, -63.566
-314.568, -58.568
-309.746, -53.746
-305.089, -49.089
-300.588, -44.588
-296.233, -40.233
-292.017, -36.017
-287.931, -31.931
-283.968, -27.968
-280.123, -24.123
-276.388, -20.388
-272.757, -16.757
-269.226, -13.226
-265.790, -9.790
-262.443, -6.443
-259.181, -3.181
-256.000, 0.000
-252.896, 3.104
-249.866, 6.134
-246.906, 9.094
-244.012, 11.988
-241.183, 14.817
-238.414, 17.586
-235.703, 20.297
-233.047, 22.953
-230.444, 25.556
-227.892, 28.108
-225.389, 30.611
-222.931, 33.069
-220.518, 35.482
-218.148, 37.852
-215.818, 40.182
-213.527, 42.473
-211.273, 44.727
-209.055, 46.945
-206.871, 49.129
-204.720, 51.280
-202.601, 53.399
-200.511, 55.489
-198.450, 57.550
-196.417, 59.583
-194.411, 61.589
-192.430, 63.570
-190.473, 65.527
-188.539, 67.461
-186.628, 69.372
-184.738, 71.262
-182.869, 73.131
-181.019, 74.981
-179.188, 76.812
-177.375, 78.625
-175.579, 80.421
-173.799, 82.201
-172.035, 83.965
-170.285, 85.715
-168.550, 87.450
-166.828, 89.172
-165.119, 90.881
-163.422, 92.578
-161.737, 94.263
-160.062, 95.938
-158.398, 97.602
-156.743, 99.257
-155.098, 100.902
-153.461, 102.539
-151.832, 104.168
-150.210, 105.790
-148.595, 107.405
-146.987, 109.013
-145.384, 110.616
-143.787, 112.213
-142.195, 113.805
-140.607, 115.393
-139.023, 116.977
-137.442, 118.558
-135.864, 120.136
-134.288, 121.712
-132.715, 123.285
-131.142, 124.858
-129.571, 126.429
-128.000, 128.000
-126.429, 129.571
-124.858, 131.142
-123.285, 132.715
-121.712, 134.288
-120.136, 135.864
-118.558, 137.442
-116.977, 139.023
-115.393, 140.607
-113.805, 142.195
-112.213, 143.787
-110.616, 145.384
-109.013, 146.987
-107.405, 148.595
-105.790, 150.210
-104.168, 151.832
-102.539, 153.461
-100.902, 155.098
-99.257, 156.743
-97.602, 158.398
-95.938, 160.062
-94.263, 161.737
-92.578, 163.422
-90.881, 165.119
-89.172, 166.828
-87.450, 168.550
-85.715, 170.285
-83.965, 172.035
-82.201, 173.799
-80.421, 175.579
-78.625, 177.375
-76.812, 179.188
-74.981, 181.019
-73.131, 182.869
-71.262, 184.738
-69.372, 186.628
-67.461, 188.539
-65.527, 190.473
-63.570, 192.430
-61.589, 194.411
-59.583, 196.417
-57.550, 198.450
-55.489, 200.511
-53.399, 202.601
-51.280, 204.720
-49.129, 206.871
-46.945, 209.055
-44.727, 211.273
-42.473, 213.527
-40.182, 215.818
-37.852, 218.148
-35.482, 220.518
-33.069, 222.931
-30.611, 225.389
-28.108, 227.892
-25.556, 230.444
-22.953, 233.047
-20.297, 235.703
-17.586, 238.414
-14.817, 241.183
-11.988, 244.012
-9.094, 246.906
-6.134, 249.866
-3.104, 252.896
0.000, 256.000
3.181, 259.181
6.443, 262.443
9.790, 265.790
13.226, 269.226
16.757, 272.757
20.388, 276.388
24.123, 280.123
27.968, 283.968
31.931, 287.931
36.017, 292.017
40.233, 296.233
44.588, 300.588
49.089, 305.089
53.746, 309.746
58.568, 314.568
63.566, 319.566
68.750, 324.750
74.134, 330.134
79.731, 335.731
85.555, 341.555
91.623, 347.623
97.952, 353.952
104.561, 360.561
111.471, 367.471
118.706, 374.706
126.292, 382.292
134.257, 390.257
142.633, 398.633
151.455, 407.455
160.763, 416.763
170.601, 426.601
181.019, 437.019
192.073, 448.073
203.828, 459.828
216.354, 472.354
229.736, 485.736
244.069, 500.069
259.462, 515.462
276.042, 532.042
293.959, 549.959
313.387, 569.387
334.533, 590.533
357.640, 613.640
383.005, 639.005
410.983, 666.983
442.010, 698.010
476.625, 732.625
515.499, 771.499
559.487, 815.487
609.682, 865.682
667.518, 923.518
734.906, 990.906
814.450, 1070.450
909.797, 1165.797
1026.215, 1282.215
1171.606, 1427.606
1358.387, 1614.387
1607.254, 1863.254
1955.457, 2211.457
2477.500, 2733.500
3347.222, 3603.222
5086.142, 5342.142
10301.855, 10557.855
