128.500, -128.500
40.242, 41.242
19.868, 20.868
13.075, 14.075
9.678, 10.678
7.639, 8.639
6.278, 7.278
5.306, 6.306
4.577, 5.577
4.009, 5.009
3.554, 4.554
3.181, 4.181
2.871, 3.871
2.607, 3.607
2.382, 3.382
2.185, 3.185
2.014, 3.014
1.862, 2.862
1.727, 2.727
1.605, 2.605
1.496, 2.496
1.397, 2.397
1.307, 2.307
1.224, 2.224
1.148, 2.148
1.078, 2.078
1.014, 2.014
0.953, 1.953
0.897, 1.897
0.845, 1.845
0.796, 1.796
0.750, 1.750
0.707, 1.707
0.666, 1.666
0.628, 1.628
0.592, 1.592
0.557, 1.557
0.524, 1.524
0.493, 1.493
0.464, 1.464
0.435, 1.435
0.408, 1.408
0.383, 1.383
0.358, 1.358
0.334, 1.334
0.311, 1.311
0.290, 1.290
0.269, 1.269
0.248, 1.248
0.229, 1.229
0.210, 1.210
0.192, 1.192
0.174, 1.174
0.157, 1.157
0.141, 1.141
0.125, 1.125
0.109, 1.109
0.094, 1.094
0.080, 1.080
0.065, 1.065
0.052, 1.052
0.038, 1.038
0.025, 1.025
0.012, 1.012
-0.000, 1.000
-0.012, 0.988
-0.024, 0.976
-0.036, 0.964
-0.047, 0.953
-0.058, 0.942
-0.069, 0.931
-0.079, 0.921
-0.090, 0.910
-0.100, 0.900
-0.110, 0.890
-0.120, 0.880
-0.129, 0.871
-0.139, 0.861
-0.148, 0.852
-0.157, 0.843
-0.166, 0.834
-0.175, 0.825
-0.183, 0.817
-0.192, 0.808
-0.200, 0.800
-0.209, 0.791
-0.217, 0.783
-0.225, 0.775
-0.233, 0.767
-0.241, 0.759
-0.248, 0.752
-0.256, 0.744
-0.264, 0.736
-0.271, 0.729
-0.278, 0.722
-0.286, 0.714
-0.293, 0.707
-0.300, 0.700
-0.307, 0.693
-0.314, 0.686
-0.321, 0.679
-0.328, 0.672
-0.335, 0.665
-0.342, 0.658
-0.348, 0.652
-0.355, 0.645
-0.362, 0.638
-0.368, 0.632
-0.375, 0.625
-0.381, 0.619
-0.388, 0.612
-0.394, 0.606
-0.401, 0.599
-0.407, 0.593
-0.413, 0.587
-0.420, 0.580
-0.426, 0.574
-0.432, 0.568
-0.438, 0.562
-0.445, 0.555
-0.451, 0.549
-0.457, 0.543
-0.463, 0.537
-0.469, 0.531
-0.475, 0.525
-0.482, 0.518
-0.488, 0.512
-0.494, 0.506
-0.500, 0.500
-0.506, 0.494
-0.512, 0.488
-0.518, 0.482
-0.525, 0.475
-0.531, 0.469
-0.537, 0.463
-0.543, 0.457
-0.549, 0.451
-0.555, 0.445
-0.562, 0.438
-0.568, 0.432
-0.574, 0.426
-0.580, 0.420
-0.587, 0.413
-0.593, 0.407
-0.599, 0.401
-0.606, 0.394
-0.612, 0.388
-0.619, 0.381
-0.625, 0.375
-0.632, 0.368
-0.638, 0.362
-0.645, 0.355
-0.652, 0.348
-0.658, 0.342
-0.665, 0.335
-0.672, 0.328
-0.679, 0.321
-0.686, 0.314
-0.693, 0.307
-0.700, 0.300
-0.707, 0.293
-0.714, 0.286
-0.722, 0.278
-0.729, 0.271
-0.736, 0.264
-0.744, 0.256
-0.752, 0.248
-0.759, 0.241
-0.767, 0.233
-0.775, 0.225
-0.783, 0.217
-0.791, 0.209
-0.800, 0.200
-0.808, 0.192
-0.817, 0.183
-0.825, 0.175
-0.834, 0.166
-0.843, 0.157
-0.852, 0.148
-0.861, 0.139
-0.871, 0.129
-0.880, 0.120
-0.890, 0.110
-0.900, 0.100
-0.910, 0.090
-0.921, 0.079
-0.931, 0.069
-0.942, 0.058
-0.953, 0.047
-0.964, 0.036
-0.976, 0.024
-0.988, 0.012
-1.000, 0.000
-1.012, -0.012
-1.025, -0.025
-1.038, -0.038
-1.052, -0.052
-1.065, -0.065
-1.080, -0.080
-1.094, -0.094
-1.109, -0.109
-1.125, -0.125
-1.141, -0.141
-1.157, -0.157
-1.174, -0.174
-1.192, -0.192
-1.210, -0.210
-1.229, -0.229
-1.248, -0.248
-1.269, -0.269
-1.290, -0.290
-1.311, -0.311
-1.334, -0.334
-1.358, -0.358
-1.383, -0.383
-1.408, -0.408
-1.435, -0.435
-1.464, -0.464
-1.493, -0.493
-1.524, -0.524
-1.557, -0.557
-1.592, -0.592
-1.628, -0.628
-1.666, -0.666
-1.707, -0.707
-1.750, -0.750
-1.796, -0.796
-1.845, -0.845
-1.897, -0.897
-1.953, -0.953
-2.014, -1.014
-2.078, -1.078
-2.148, -1.148
-2.224, -1.224
-2.307, -1.307
-2.397, -1.397
-2.496, -1.496
-2.605, -1.605
-2.727, -1.727
-2.862, -1.862
-3.014, -2.014
-3.185, -2.185
-3.382, -2.382
-3.607, -2.607
-3.871, -2.871
-4.181, -3.181
-4.554, -3.554
-5.009, -4.009
-5.577, -4.577
-6.306, -5.306
-7.278, -6.278
-8.639, -7.639
-10.678, -9.678
-14.075, -13.075
-20.868, -19.868
-41.242, -40.242
