     -32387      -32387
     -10828       10023
      -5598        4808
      -3869        3082
      -2972        2191
      -2476        1666
      -2096        1320
      -1842        1060
      -1635         865
      -1491         718
      -1372         593
      -1264         508
      -1171         415
      -1097         342
      -1030         279
       -974         228
       -914         176
       -872         136
       -828          96
       -791          66
       -752          30
       -721           2
       -687         -16
       -655         -41
       -625         -64
       -603         -85
       -573        -102
       -552        -116
       -524        -134
       -501        -147
       -482        -160
       -459        -174
       -437        -185
       -421        -198
       -403        -206
       -387        -212
       -365        -224
       -349        -231
       -333        -235
       -318        -239
       -298        -248
       -284        -255
       -268        -257
       -254        -258
       -238        -263
       -225        -264
       -210        -268
       -196        -270
       -180        -273
       -171        -276
       -155        -278
       -144        -276
       -129        -276
       -118        -275
       -106        -277
        -96        -275
        -82        -275
        -71        -275
        -60        -269
        -51        -270
        -39        -268
        -29        -262
        -17        -263
         -8        -259
          3        -257
         11        -256
         21        -253
         27        -248
         38        -244
         43        -238
         52        -235
         58        -231
         71        -225
         78        -221
         82        -215
         90        -209
         97        -204
        101        -199
        107        -194
        114        -188
        122        -181
        128        -178
        134        -169
        136        -164
        140        -157
        143        -151
        150        -141
        153        -138
        159        -129
        163        -122
        164        -116
        168        -108
        171        -104
        172         -94
        177         -89
        180         -80
        182         -74
        184         -68
        185         -61
        184         -54
        187         -45
        185         -41
        187         -32
        186         -28
        187         -18
        188         -10
        185          -6
        183           4
        185          11
        183          16
        184          22
        182          30
        181          37
        179          43
        176          50
        173          56
        170          62
        167          65
        164          75
        164          80
        161          86
        155          92
        151          97
        147         103
        146         109
        139         113
        137         120
        132         124
        129         129
        123         132
        119         137
        112         139
        109         146
        103         147
         97         151
         93         155
         86         160
         80         163
         75         164
         65         167
         62         170
         56         173
         51         176
         43         179
         37         181
         31         183
         23         183
         16         183
         11         185
          4         183
         -6         185
        -10         188
        -18         187
        -26         186
        -32         187
        -41         185
        -45         187
        -54         184
        -61         185
        -68         183
        -74         182
        -80         179
        -88         177
        -94         171
       -102         171
       -108         168
       -116         164
       -123         162
       -129         159
       -135         154
       -141         150
       -151         143
       -157         140
       -164         135
       -169         133
       -177         127
       -181         122
       -186         115
       -192         109
       -199         101
       -204          97
       -209          90
       -215          82
       -221          76
       -225          70
       -228          62
       -235          52
       -238          43
       -244          37
       -248          27
       -252          20
       -257          10
       -257           3
       -258          -7
       -262         -16
       -262         -29
       -267         -37
       -270         -51
       -269         -60
       -273         -72
       -274         -80
       -275         -92
       -277        -106
       -275        -118
       -276        -129
       -276        -144
       -276        -157
       -275        -171
       -273        -180
       -271        -193
       -269        -206
       -265        -225
       -263        -238
       -258        -254
       -257        -268
       -252        -285
       -248        -298
       -242        -315
       -235        -333
       -231        -349
       -222        -365
       -213        -387
       -206        -404
       -197        -421
       -185        -437
       -175        -457
       -162        -478
       -147        -501
       -136        -522
       -116        -552
       -102        -573
        -81        -603
        -64        -625
        -45        -653
        -16        -687
          2        -721
         30        -752
         66        -791
         99        -827
        135        -875
        176        -914
        222        -970
        275       -1029
        342       -1097
        415       -1171
        508       -1264
        593       -1372
        721       -1489
        866       -1637
       1056       -1843
       1320       -2096
       1666       -2476
       2193       -2978
       3082       -3870
       4812       -5613
      10033      -10859
